# oST version 5.0 parameters


[image]

width
2048

height
1280

[gmsl_camera]

camera matrix
1000.296173 0.000000 998.388323
0.000000 1000.182482 655.425669
0.000000 0.000000 1.000000

distortion
-0.263997 0.044422 -0.002038 0.001122 0.000000

rectification
1.000000 0.000000 0.000000
0.000000 1.000000 0.000000
0.000000 0.000000 1.000000

projection
643.686096 0.000000 1019.052583 0.000000
0.000000 870.448730 656.554105 0.000000
0.000000 0.000000 1.000000 0.000000
