# oST version 5.0 parameters


[image]

width
1280

height
720

[gmsl_camera]

camera matrix
639.779255 0.000000 637.761180
0.000000 575.426059 377.460266
0.000000 0.000000 1.000000

distortion
-0.258186 0.041819 -0.001991 -0.000201 0.000000

rectification
1.000000 0.000000 0.000000
0.000000 1.000000 0.000000
0.000000 0.000000 1.000000

projection
399.290161 0.000000 638.238958 0.000000
0.000000 506.215485 380.879387 0.000000
0.000000 0.000000 1.000000 0.000000
