# oST version 5.0 parameters


[image]

width
1280

height
720

[gmsl_camera]

camera matrix
1386.925298 0.000000 609.356770
0.000000 1386.618724 355.338633
0.000000 0.000000 1.000000

distortion
-0.572820 0.450823 0.006303 0.003618 0.000000

rectification
1.000000 0.000000 0.000000
0.000000 1.000000 0.000000
0.000000 0.000000 1.000000

projection
1215.048584 0.000000 606.756975 0.000000
0.000000 1331.899780 357.030244 0.000000
0.000000 0.000000 1.000000 0.000000