image_width: 1280
image_height: 720
camera_name: gmsl_camera
camera_matrix:
  rows: 3
  cols: 3
  data: [ 1386.9253 ,     0.     ,   609.35677,
             0.     ,  1386.61872,   355.33863,
             0.     ,     0.     ,     1.     ]
distortion_model: plumb_bob
distortion_coefficients:
  rows: 1
  cols: 5
  data: [-0.572820, 0.450823, 0.006303, 0.003618, 0.000000]
rectification_matrix:
  rows: 3
  cols: 3
  data: [ 1.,  0.,  0.,
          0.,  1.,  0.,
          0.,  0.,  1.]
projection_matrix:
  rows: 3
  cols: 4
  data: [ 1215.04858,     0.     ,   606.75698,     0.     ,
             0.     ,  1331.89978,   357.03024,     0.     ,
             0.     ,     0.     ,     1.     ,     0.     ]